0 0.26640625 0.5328125 0.5328125 0.578125
0 0.9234375 0.8046875 0.1171875 0.10625
0 0.653125 0.80234375 0.0828125 0.0734375
0 0.6890625 0.5796875 0.0765625 0.0640625
0 0.81171875 0.60625 0.09375 0.078125
0 0.9578125 0.65859375 0.084375 0.1421875
0 0.93671875 0.72734375 0.0875 0.0859375
0 0.84609375 0.73203125 0.0671875 0.071875
0 0.77734375 0.7734375 0.0875 0.0828125
0 0.76171875 0.72265625 0.0859375 0.0796875
0 0.75546875 0.66796875 0.06875 0.0625
0 0.70234375 0.7390625 0.059375 0.075
0 0.66640625 0.7375 0.0671875 0.0984375
0 0.6375 0.853125 0.0609375 0.0546875
0 0.6375 0.9390625 0.0578125 0.071875