0 0.74765625 0.47734375 0.490625 0.5125
0 0.15546875 0.8921875 0.10625 0.090625
0 0.41875 0.82890625 0.0734375 0.0640625
0 0.33359375 0.6203125 0.0703125 0.0546875
0 0.2203125 0.67421875 0.084375 0.0671875
0 0.0796875 0.7609375 0.084375 0.1328125
0 0.12578125 0.81953125 0.078125 0.0765625
0 0.21484375 0.80390625 0.0578125 0.0640625
0 0.29140625 0.82890625 0.078125 0.0734375
0 0.2953125 0.77578125 0.0765625 0.0703125
0 0.2890625 0.72109375 0.0609375 0.053125
0 0.35625 0.77890625 0.0484375 0.06875
0 0.39140625 0.76875 0.0546875 0.0921875
0 0.4453125 0.875 0.0546875 0.046875
0 0.4640625 0.95859375 0.0484375 0.065625