0 0.5140625 0.2515625 0.49765625 0.4734375
0 0.1203125 0.8578125 0.0875 0.10234375
0 0.17421875 0.59296875 0.0609375 0.07109375
0 0.3859375 0.6703125 0.0515625 0.06875
0 0.3359375 0.7859375 0.0640625 0.0828125
0 0.25390625 0.92890625 0.1296875 0.0796875
0 0.19375 0.88515625 0.07265625 0.075
0 0.20625 0.7953125 0.0625 0.05625
0 0.17890625 0.7203125 0.0703125 0.075
0 0.23125 0.7140625 0.0671875 0.075
0 0.28671875 0.71875 0.0515625 0.06015625
0 0.2265625 0.653125 0.0671875 0.04609375
0 0.23515625 0.61796875 0.08984375 0.0515625
0 0.12734375 0.56796875 0.0453125 0.05390625
0 0.04296875 0.5515625 0.0640625 0.04765625