0 0.48984375 0.45390625 0.115625 0.0703125
0 0.365625 0.2625 0.1140625 0.0640625
0 0.82421875 0.1109375 0.1359375 0.0703125
0 0.90234375 0.475 0.134375 0.0671875
0 0.64453125 0.48515625 0.1203125 0.0484375
0 0.75234375 0.5609375 0.15625 0.059375
0 0.67109375 0.60234375 0.140625 0.071875
0 0.25234375 0.48671875 0.1296875 0.0625
0 0.353125 0.42890625 0.10625 0.0546875
0 0.209375 0.5765625 0.0859375 0.0703125
0 0.2640625 0.68359375 0.14375 0.065625
0 0.6203125 0.8015625 0.1265625 0.06875
0 0.9125 0.8828125 0.1296875 0.0765625
0 0.959375 0.69296875 0.0734375 0.0890625
0 0.56171875 0.88203125 0.1515625 0.0703125
0 0.4359375 0.82265625 0.125 0.0578125
0 0.27578125 0.79921875 0.1109375 0.046875
0 0.296875 0.85234375 0.1421875 0.059375
0 0.509375 0.959375 0.140625 0.065625