0 0.22890625 0.425 0.065625 0.13125
0 0.34609375 0.40625 0.0546875 0.1125
0 0.4 0.38359375 0.05625 0.134375
0 0.3671875 0.23828125 0.0625 0.11875
0 0.3390625 0.0609375 0.0578125 0.121875
0 0.4109375 0.11875 0.06484375 0.1390625
0 0.1421875 0.04609375 0.0859375 0.09140625
0 0.01328125 0.19609375 0.0265625 0.08984375
0 0.02265625 0.0640625 0.0453125 0.1125
0 0.0703125 0.446875 0.0765625 0.14375
0 0.15234375 0.50390625 0.06328125 0.153125
0 0.16875 0.63828125 0.078125 0.11875
0 0.13984375 0.6984375 0.06875 0.09140625
0 0.22578125 0.65859375 0.06015625 0.1171875
0 0.15546875 0.78984375 0.05625 0.06796875
0 0.034375 0.7421875 0.04921875 0.1109375
0 0.64921875 0.48671875 0.06484375 0.07265625
0 0.6203125 0.571875 0.05390625 0.09140625
0 0.60703125 0.69609375 0.0578125 0.09296875
0 0.63984375 0.7625 0.05234375 0.1015625
0 0.65703125 0.6765625 0.0453125 0.09375
0 0.56015625 0.73984375 0.0578125 0.10625
0 0.4671875 0.51328125 0.06796875 0.109375
0 0.48828125 0.15625 0.0578125 0.1171875
0 0.54609375 0.1765625 0.0484375 0.125
0 0.56328125 0.0875 0.04140625 0.115625
0 0.65390625 0.16875 0.05546875 0.125
0 0.740625 0.1796875 0.04921875 0.121875
0 0.73671875 0.33515625 0.040625 0.1234375
0 0.73515625 0.48203125 0.046875 0.1125
0 0.8015625 0.46328125 0.05 0.0953125
0 0.8 0.32109375 0.0390625 0.1234375
0 0.859375 0.38125 0.03125 0.1078125
0 0.84140625 0.65546875 0.040625 0.09140625
0 0.88359375 0.75859375 0.0609375 0.1
0 0.90078125 0.703125 0.0515625 0.08828125
0 0.91328125 0.646875 0.05546875 0.1046875
0 0.7171875 0.04453125 0.0625 0.0890625
0 0.78046875 0.07734375 0.06171875 0.08359375
0 0.8109375 0.19453125 0.03984375 0.0953125
0 0.8765625 0.21796875 0.0453125 0.08984375
0 0.84453125 0.17890625 0.03671875 0.07109375
0 0.86171875 0.5515625 0.04453125 0.09375
0 0.61640625 0.35234375 0.04375 0.09140625