0 0.29375 0.259375 0.05234375 0.08671875
0 0.41953125 0.17890625 0.04765625 0.08046875
0 0.50859375 0.10390625 0.05703125 0.07578125
0 0.6765625 0.07109375 0.0484375 0.09296875
0 0.5578125 0.24296875 0.04609375 0.08203125
0 0.615625 0.22109375 0.046875 0.07890625
0 0.49375 0.484375 0.0546875 0.08671875
0 0.4015625 0.40078125 0.05234375 0.08828125
0 0.3609375 0.41171875 0.05 0.07734375
0 0.353125 0.3421875 0.05625 0.07265625
0 0.1578125 0.19921875 0.0546875 0.07734375
0 0.21015625 0.53125 0.03828125 0.07890625
0 0.2390625 0.55625 0.0328125 0.08203125
0 0.278125 0.5828125 0.0390625 0.06640625
0 0.31328125 0.48359375 0.0515625 0.09140625
0 0.3234375 0.63125 0.0296875 0.0984375
0 0.35546875 0.721875 0.0546875 0.09296875
0 0.26171875 0.77421875 0.0421875 0.09375
0 0.228125 0.6984375 0.034375 0.09140625
0 0.1859375 0.74609375 0.05546875 0.08203125
0 0.13671875 0.671875 0.0578125 0.07578125
0 0.078125 0.6375 0.03984375 0.09296875
0 0.10390625 0.59609375 0.03359375 0.08203125
0 0.13359375 0.44140625 0.04375 0.07734375
0 0.85390625 0.53671875 0.0390625 0.0953125
0 0.72578125 0.6265625 0.0515625 0.1015625
0 0.6625 0.40859375 0.04375 0.08671875
0 0.55703125 0.35625 0.0484375 0.08671875
0 0.7875 0.13203125 0.03125 0.08828125
0 0.83046875 0.28203125 0.028125 0.09296875
0 0.86328125 0.15703125 0.0375 0.0953125
0 0.9265625 0.48984375 0.0296875 0.08828125
0 0.8921875 0.50234375 0.03828125 0.10625
0 0.86796875 0.45859375 0.0328125 0.08046875
0 0.8171875 0.7265625 0.0421875 0.08671875
0 0.60546875 0.75859375 0.0359375 0.06953125
0 0.45 0.79609375 0.05390625 0.07109375
0 0.49375 0.73671875 0.040625 0.08828125
0 0.4890625 0.61015625 0.03671875 0.096875
0 0.52265625 0.6234375 0.04140625 0.08671875
0 0.5375 0.71640625 0.034375 0.09296875
0 0.56953125 0.63515625 0.0390625 0.09375
0 0.63359375 0.60390625 0.0390625 0.08515625
0 0.67734375 0.73125 0.04375 0.1015625
0 0.26015625 0.48671875 0.03984375 0.07265625
0 0.32421875 0.15546875 0.0546875 0.08828125
0 0.1375 0.2921875 0.06171875 0.06640625