0 0.93828125 0.259375 0.0796875 0.1203125
0 0.7921875 0.61875 0.090625 0.1359375
0 0.7765625 0.8171875 0.0828125 0.1078125
0 0.68984375 0.634375 0.0875 0.1296875
0 0.59921875 0.64765625 0.096875 0.13125
0 0.640625 0.32578125 0.0796875 0.1203125
0 0.509375 0.325 0.08125 0.115625
0 0.64453125 0.1953125 0.0796875 0.115625
0 0.4890625 0.584375 0.0609375 0.1
0 0.3234375 0.58671875 0.078125 0.103125
0 0.56953125 0.175 0.0703125 0.1
0 0.26875 0.02578125 0.0625 0.0515625
0 0.63125 0.09609375 0.05625 0.08125
0 0.7171875 0.06171875 0.053125 0.0640625
0 0.15078125 0.321875 0.06875 0.078125
0 0.1359375 0.453125 0.0703125 0.096875