0 0.6921875 0.7515625 0.096875 0.0703125
0 0.79765625 0.6453125 0.0890625 0.0625
0 0.8890625 0.57421875 0.084375 0.0703125
0 0.95234375 0.41640625 0.0953125 0.0671875
0 0.76328125 0.496875 0.0890625 0.0625
0 0.796875 0.44453125 0.0859375 0.0625
0 0.5140625 0.509375 0.096875 0.071875
0 0.5765625 0.6171875 0.096875 0.0703125
0 0.5578125 0.6546875 0.0875 0.065625
0 0.6234375 0.6765625 0.08125 0.0703125
0 0.7234375 0.896875 0.0875 0.0703125
0 0.409375 0.77734375 0.084375 0.053125
0 0.390625 0.74375 0.0859375 0.0484375
0 0.37265625 0.7 0.071875 0.0515625
0 0.47734375 0.6859375 0.1 0.06875
0 0.33515625 0.6453125 0.103125 0.05
0 0.253125 0.5953125 0.103125 0.0734375
0 0.18203125 0.67578125 0.1 0.0609375
0 0.24921875 0.725 0.0953125 0.053125
0 0.19375 0.75625 0.090625 0.071875
0 0.25625 0.81953125 0.0859375 0.071875
0 0.278125 0.884375 0.1 0.059375
0 0.3234375 0.8671875 0.0859375 0.05
0 0.48125 0.8703125 0.0859375 0.059375
0 0.5375 0.14609375 0.1015625 0.0578125
0 0.4234375 0.253125 0.109375 0.071875
0 0.6234375 0.36015625 0.0953125 0.0609375
0 0.65234375 0.47421875 0.0953125 0.065625
0 0.91953125 0.2953125 0.0921875 0.0484375
0 0.78203125 0.221875 0.096875 0.046875
0 0.9109375 0.215625 0.1015625 0.05625
0 0.5984375 0.08515625 0.0921875 0.046875
0 0.57890625 0.115625 0.1125 0.059375
0 0.6171875 0.1484375 0.0859375 0.0484375
0 0.34453125 0.14296875 0.09375 0.059375
0 0.26875 0.34296875 0.075 0.05
0 0.2 0.4875 0.08125 0.0671875
0 0.2671875 0.45703125 0.09375 0.0578125
0 0.38984375 0.4875 0.103125 0.05625
0 0.38359375 0.45234375 0.09375 0.0578125
0 0.29609375 0.41796875 0.0984375 0.053125
0 0.38203125 0.40390625 0.1 0.0578125
0 0.42578125 0.34765625 0.090625 0.05625
0 0.3109375 0.278125 0.1078125 0.0640625
0 0.46328125 0.7375 0.078125 0.0546875
0 0.80078125 0.74375 0.096875 0.071875
0 0.628125 0.89765625 0.0765625 0.075