0 0.46328125 0.778125 0.096875 0.121875
0 0.48203125 0.90234375 0.08125 0.125
0 0.59140625 0.64921875 0.09375 0.146875
0 0.5484375 0.49375 0.1 0.1421875
0 0.4390625 0.36953125 0.09375 0.1390625
0 0.5203125 0.3265625 0.09375 0.128125
0 0.66875 0.36328125 0.0953125 0.1484375
0 0.71484375 0.51171875 0.096875 0.128125
0 0.7046875 0.6171875 0.1046875 0.134375
0 0.78828125 0.7046875 0.103125 0.1234375
0 0.784375 0.83359375 0.0953125 0.1390625
0 0.80703125 0.5296875 0.1078125 0.153125
0 0.071875 0.46953125 0.0828125 0.1296875
0 0.378125 0.89453125 0.1 0.1734375
0 0.0859375 0.6234375 0.0671875 0.140625
0 0.14140625 0.55234375 0.0671875 0.1140625
0 0.05859375 0.86171875 0.0765625 0.1
0 0.121875 0.86484375 0.05625 0.1140625
0 0.1515625 0.77890625 0.065625 0.1140625
0 0.15546875 0.28125 0.0578125 0.1
0 0.1921875 0.1828125 0.0578125 0.090625