0 0.11796875 0.790625 0.10625 0.0734375
0 0.28828125 0.8765625 0.0859375 0.071875
0 0.23125 0.84296875 0.09375 0.075
0 0.38046875 0.89375 0.103125 0.0703125
0 0.528125 0.9640625 0.115625 0.071875
0 0.63671875 0.95625 0.0890625 0.0734375
0 0.5984375 0.98515625 0.115625 0.0296875
0 0.2375 0.66015625 0.103125 0.0796875
0 0.17265625 0.4921875 0.1078125 0.0828125
0 0.346875 0.61953125 0.103125 0.071875
0 0.4859375 0.7625 0.096875 0.0703125
0 0.509375 0.83125 0.103125 0.071875
0 0.43125 0.6328125 0.1125 0.071875
0 0.55703125 0.8046875 0.096875 0.0671875
0 0.58125 0.78046875 0.1046875 0.075
0 0.66484375 0.74140625 0.1140625 0.0640625
0 0.121875 0.37265625 0.0984375 0.075
0 0.415625 0.5890625 0.109375 0.0796875
0 0.7046875 0.85859375 0.078125 0.0625
0 0.73828125 0.72421875 0.0765625 0.0765625
0 0.5515625 0.50390625 0.1046875 0.078125
0 0.13828125 0.17265625 0.10625 0.08125
0 0.328125 0.25 0.1046875 0.0765625
0 0.4203125 0.39140625 0.1125 0.0859375
0 0.5296875 0.29296875 0.10625 0.08125
0 0.6765625 0.346875 0.103125 0.0703125
0 0.69375 0.55546875 0.1109375 0.0765625
0 0.76953125 0.46484375 0.1046875 0.075
0 0.72265625 0.5140625 0.1 0.0671875
0 0.559375 0.36640625 0.090625 0.065625
0 0.77734375 0.2859375 0.1171875 0.090625
0 0.21484375 0.0390625 0.1296875 0.078125
0 0.42109375 0.06328125 0.1125 0.0671875
0 0.28515625 0.01484375 0.1328125 0.0296875
0 0.48671875 0.38828125 0.10625 0.0703125
0 0.6296875 0.08046875 0.1234375 0.065625
0 0.84375 0.1046875 0.103125 0.0703125
0 0.68515625 0.06875 0.128125 0.0671875
0 0.70390625 0.1203125 0.1140625 0.0671875