0 0.38828125 0.2421875 0.1390625 0.0828125
0 0.3859375 0.3609375 0.11875 0.0703125
0 0.37109375 0.4171875 0.140625 0.075
0 0.22265625 0.4046875 0.1265625 0.078125
0 0.053125 0.40078125 0.10625 0.0734375
0 0.11015625 0.46484375 0.146875 0.084375
0 0.02578125 0.20859375 0.0515625 0.0984375
0 0.13125 0.06015625 0.09375 0.0390625
0 0.0296875 0.08828125 0.059375 0.0609375
0 0.3875 0.08203125 0.153125 0.0953125
0 0.45546875 0.15546875 0.1609375 0.0828125
0 0.590625 0.15234375 0.128125 0.09375
0 0.64609375 0.115625 0.1 0.08125
0 0.61875 0.20625 0.125 0.075
0 0.7390625 0.11875 0.0765625 0.065625
0 0.67421875 0.01875 0.1171875 0.0375
0 0.5078125 0.65 0.0796875 0.075
0 0.58828125 0.609375 0.096875 0.065625
0 0.709375 0.57890625 0.1015625 0.0703125
0 0.7796875 0.6015625 0.1078125 0.0671875
0 0.696875 0.63125 0.0984375 0.0578125
0 0.74609375 0.5265625 0.1125 0.071875
0 0.50859375 0.465625 0.1171875 0.0828125
0 0.1578125 0.5359375 0.1234375 0.0734375
0 0.1859375 0.590625 0.13125 0.065625
0 0.1 0.6203125 0.1203125 0.05625
0 0.19375 0.6984375 0.13125 0.0734375
0 0.21640625 0.7828125 0.128125 0.0671875
0 0.36953125 0.75703125 0.128125 0.0578125
0 0.51484375 0.73515625 0.1171875 0.0625
0 0.50546875 0.80390625 0.1015625 0.0625
0 0.36484375 0.821875 0.128125 0.05625
0 0.43203125 0.87265625 0.1109375 0.0453125
0 0.7015625 0.81640625 0.0953125 0.053125
0 0.809375 0.84375 0.1078125 0.075
0 0.75703125 0.86875 0.09375 0.0625
0 0.703125 0.8890625 0.1109375 0.0703125
0 0.07890625 0.778125 0.096875 0.075
0 0.1203125 0.83671875 0.0921875 0.0734375
0 0.240625 0.85078125 0.1 0.0515625
0 0.2734375 0.9125 0.0953125 0.0578125
0 0.2296875 0.8859375 0.0765625 0.046875
0 0.6015625 0.85078125 0.0984375 0.05625
0 0.3703125 0.6359375 0.0953125 0.05625