0 0.17421875 0.85234375 0.1015625 0.0578125
0 0.35703125 0.9078125 0.0796875 0.0609375
0 0.29453125 0.884375 0.0859375 0.0625
0 0.45078125 0.90859375 0.096875 0.05625
0 0.609375 0.95546875 0.109375 0.0625
0 0.7140625 0.92578125 0.0828125 0.0609375
0 0.6859375 0.9765625 0.109375 0.046875
0 0.26875 0.703125 0.0953125 0.065625
0 0.1765625 0.54921875 0.1 0.06875
0 0.36953125 0.64453125 0.0984375 0.0578125
0 0.53203125 0.7609375 0.0921875 0.0578125
0 0.56640625 0.825 0.0984375 0.0578125
0 0.45546875 0.64296875 0.1078125 0.05625
0 0.609375 0.790625 0.090625 0.0546875
0 0.628125 0.7625 0.0984375 0.0609375
0 0.7046875 0.709375 0.1109375 0.046875
0 0.10546875 0.440625 0.0921875 0.0625
0 0.43203125 0.60234375 0.103125 0.0640625
0 0.7640625 0.81796875 0.071875 0.053125
0 0.7734375 0.67890625 0.0671875 0.0671875
0 0.5515625 0.4953125 0.0984375 0.0640625
0 0.08671875 0.240625 0.0984375 0.0671875
0 0.2875 0.28359375 0.0984375 0.0625
0 0.40234375 0.40703125 0.1046875 0.0703125
0 0.49296875 0.290625 0.0984375 0.0671875
0 0.64765625 0.31875 0.096875 0.0546875
0 0.70078125 0.5203125 0.1046875 0.0609375
0 0.759375 0.41875 0.0984375 0.0609375
0 0.721875 0.47578125 0.09375 0.053125
0 0.53515625 0.3578125 0.084375 0.053125
0 0.7359375 0.240625 0.1078125 0.075
0 0.13828125 0.09453125 0.125 0.0640625
0 0.346875 0.08359375 0.109375 0.05
0 0.19921875 0.034375 0.128125 0.0640625
0 0.4671875 0.3921875 0.1 0.0546875
0 0.5546875 0.0640625 0.121875 0.046875
0 0.76953125 0.05078125 0.096875 0.0546875
0 0.6078125 0.04296875 0.125 0.0484375
0 0.634375 0.090625 0.1109375 0.05