0 0.64375 0.38828125 0.09375 0.065625
0 0.7125 0.5015625 0.090625 0.0796875
0 0.8328125 0.45078125 0.103125 0.065625
0 0.82734375 0.3671875 0.0734375 0.05625
0 0.9234375 0.3890625 0.0765625 0.0578125
0 0.91171875 0.72890625 0.1015625 0.06875
0 0.51875 0.75390625 0.115625 0.06875
0 0.45703125 0.6734375 0.1109375 0.0765625
0 0.39765625 0.5953125 0.109375 0.0828125
0 0.40078125 0.4796875 0.0921875 0.071875
0 0.3421875 0.3328125 0.0875 0.0640625
0 0.378125 0.26953125 0.0890625 0.0515625
0 0.32421875 0.825 0.0875 0.0640625
0 0.559375 0.07890625 0.0734375 0.0515625
0 0.79609375 0.0265625 0.0890625 0.053125