0 0.1203125 0.20625 0.05 0.096875
0 0.08125 0.39296875 0.05390625 0.07578125
0 0.09921875 0.32890625 0.05546875 0.08046875
0 0.0890625 0.48671875 0.0484375 0.09375
0 0.05546875 0.6484375 0.05390625 0.1046875
0 0.09453125 0.75 0.05390625 0.07734375
0 0.0328125 0.728125 0.053125 0.1046875
0 0.27734375 0.2875 0.0578125 0.09140625
0 0.42265625 0.18203125 0.06015625 0.0953125
0 0.34453125 0.3828125 0.04921875 0.09296875
0 0.24296875 0.5546875 0.05 0.08828125
0 0.18203125 0.59453125 0.04921875 0.09375
0 0.35390625 0.46796875 0.046875 0.1046875
0 0.2203125 0.634375 0.046875 0.08671875
0 0.25 0.65078125 0.05234375 0.09375
0 0.309375 0.721875 0.03828125 0.1078125
0 0.525 0.1015625 0.0546875 0.08671875
0 0.3921875 0.44140625 0.05625 0.0984375
0 0.20625 0.790625 0.04765625 0.06953125
0 0.3453125 0.78828125 0.0625 0.06171875
0 0.509375 0.55078125 0.05703125 0.09296875
0 0.72265625 0.065625 0.06015625 0.09375
0 0.696875 0.26953125 0.0546875 0.09375
0 0.584375 0.39453125 0.06171875 0.1
0 0.7078125 0.475 0.059375 0.09296875
0 0.69375 0.63125 0.046875 0.09296875
0 0.496875 0.7015625 0.05234375 0.1
0 0.60390625 0.7515625 0.053125 0.09296875
0 0.54375 0.71875 0.0453125 0.08984375
0 0.64453125 0.52265625 0.04765625 0.08203125
0 0.77890625 0.7125 0.06484375 0.103125
0 0.87265625 0.1046875 0.05390625 0.1203125
0 0.9015625 0.3109375 0.040625 0.10625
0 0.9375 0.16015625 0.05234375 0.1234375
0 0.6046875 0.4578125 0.046875 0.096875
0 0.9390625 0.51640625 0.0359375 0.11875
0 0.97109375 0.7296875 0.04765625 0.09296875
0 0.96484375 0.5671875 0.0375 0.121875
0 0.91953125 0.5984375 0.040625 0.1078125