0 0.31796875 0.453125 0.05703125 0.109375
0 0.4515625 0.47578125 0.05390625 0.1
0 0.44375 0.33984375 0.06328125 0.1015625
0 0.3578125 0.30625 0.05703125 0.09375
0 0.26328125 0.07109375 0.0640625 0.08046875
0 0.19609375 0.04453125 0.0609375 0.0890625
0 0.11953125 0.68203125 0.04375 0.08046875
0 0.16484375 0.76015625 0.05 0.1
0 0.328125 0.76015625 0.05703125 0.07578125
0 0.64296875 0.7765625 0.059375 0.0984375
0 0.76796875 0.5453125 0.0546875 0.1
0 0.74453125 0.396875 0.0515625 0.1078125
0 0.5515625 0.1484375 0.05546875 0.09296875
0 0.49140625 0.1859375 0.04921875 0.06640625
0 0.36953125 0.2421875 0.053125 0.06796875
0 0.43671875 0.13125 0.04765625 0.08359375
0 0.45078125 0.7921875 0.053125 0.05078125
0 0.54765625 0.7875 0.0484375 0.06640625
0 0.93828125 0.728125 0.03984375 0.1015625
0 0.9125 0.1453125 0.0453125 0.06796875
0 0.86015625 0.10859375 0.04765625 0.06640625