0 0.54765625 0.5015625 0.0890625 0.125
0 0.75703125 0.590625 0.0828125 0.121875
0 0.8265625 0.11328125 0.09375 0.1453125
0 0.4546875 0.1 0.0890625 0.1421875
0 0.4890625 0.3546875 0.06875 0.125
0 0.396875 0.2625 0.084375 0.1625
0 0.36953125 0.34921875 0.09375 0.15
0 0.55546875 0.74140625 0.084375 0.1375
0 0.59609375 0.6328125 0.071875 0.1125
0 0.47578125 0.79921875 0.0828125 0.0953125
0 0.36015625 0.7640625 0.0890625 0.1515625
0 0.18203125 0.43359375 0.0890625 0.1359375
0 0.0515625 0.1609375 0.0984375 0.140625
0 0.2296875 0.08125 0.1 0.0875
0 0.1125 0.50546875 0.0953125 0.159375
0 0.19375 0.61953125 0.078125 0.13125
0 0.24453125 0.77265625 0.065625 0.1171875
0 0.18828125 0.7609375 0.0828125 0.1484375
0 0.04609375 0.57109375 0.0875 0.1484375