0 0.4984375 0.203125 0.0796875 0.15625
0 0.8140625 0.71015625 0.06484375 0.1140625
0 0.68515625 0.37890625 0.084375 0.140625
0 0.5875 0.33203125 0.096875 0.1359375
0 0.34375 0.321875 0.0796875 0.125
0 0.40546875 0.46640625 0.0765625 0.1078125
0 0.465625 0.52109375 0.06484375 0.140625
0 0.878125 0.12265625 0.0828125 0.15625
0 0.9734375 0.7296875 0.04609375 0.1515625
0 0.4953125 0.67890625 0.06328125 0.1046875
0 0.59296875 0.7828125 0.07265625 0.07265625
0 0.56953125 0.5578125 0.03671875 0.121875
0 0.5328125 0.55078125 0.04453125 0.1390625
0 0.23125 0.3109375 0.0546875 0.121875