0 0.18046875 0.77578125 0.03125 0.065625
0 0.171875 0.65625 0.03125 0.059375
0 0.11015625 0.57578125 0.0359375 0.065625
0 0.06640625 0.4734375 0.028125 0.0625
0 0.209375 0.55859375 0.0359375 0.05625
0 0.25234375 0.58359375 0.021875 0.0625
0 0.26796875 0.57421875 0.0203125 0.053125
0 0.28125 0.58671875 0.0171875 0.05
0 0.3078125 0.571875 0.0171875 0.05625
0 0.303125 0.51484375 0.0203125 0.04375
0 0.66640625 0.6875 0.028125 0.034375
0 0.6609375 0.72265625 0.025 0.040625
0 0.57734375 0.74609375 0.034375 0.046875
0 0.5828125 0.70078125 0.025 0.040625
0 0.52109375 0.746875 0.03125 0.05
0 0.47578125 0.78125 0.0328125 0.046875
0 0.446875 0.71015625 0.021875 0.0375
0 0.5234375 0.4109375 0.025 0.053125
0 0.48125 0.58359375 0.0203125 0.059375
0 0.18671875 0.39453125 0.0265625 0.05625
0 0.20390625 0.3796875 0.0234375 0.0375
0 0.15703125 0.31484375 0.025 0.046875
0 0.128125 0.4 0.0265625 0.046875
0 0.35703125 0.50703125 0.0296875 0.046875
0 0.2828125 0.75390625 0.025 0.059375