0 0.778125 0.53671875 0.121875 0.096875
0 0.90234375 0.51796875 0.125 0.08125
0 0.64921875 0.40859375 0.146875 0.09375
0 0.49375 0.4515625 0.1421875 0.1
0 0.36953125 0.5609375 0.1390625 0.09375
0 0.3265625 0.4796875 0.128125 0.09375
0 0.36328125 0.33125 0.1484375 0.0953125
0 0.51171875 0.28515625 0.128125 0.096875
0 0.6171875 0.2953125 0.134375 0.1046875
0 0.7046875 0.21171875 0.1234375 0.103125
0 0.83359375 0.215625 0.1390625 0.0953125
0 0.5296875 0.19296875 0.153125 0.1078125
0 0.46953125 0.928125 0.1296875 0.0828125
0 0.89453125 0.621875 0.1734375 0.1
0 0.6234375 0.9140625 0.140625 0.0671875
0 0.55234375 0.85859375 0.1140625 0.0671875
0 0.86171875 0.94140625 0.1 0.0765625
0 0.86484375 0.878125 0.1140625 0.05625
0 0.77890625 0.8484375 0.1140625 0.065625
0 0.28125 0.84453125 0.1 0.0578125
0 0.1828125 0.8078125 0.090625 0.0578125