0 0.25546875 0.63828125 0.0953125 0.14375
0 0.3734375 0.628125 0.0796875 0.121875
0 0.43125 0.6375 0.0875 0.14375
0 0.434375 0.7859375 0.0890625 0.1296875
0 0.44921875 0.94921875 0.0859375 0.1015625
0 0.50546875 0.89140625 0.096875 0.1515625
0 0.26171875 0.9859375 0.1046875 0.028125
0 0.1015625 0.9125 0.0484375 0.09375
0 0.09609375 0.65546875 0.109375 0.1578125
0 0.16171875 0.58046875 0.0984375 0.1640625
0 0.1453125 0.44609375 0.1046875 0.134375
0 0.10234375 0.39453125 0.0890625 0.1046875
0 0.1953125 0.4125 0.0859375 0.128125
0 0.0953125 0.30234375 0.071875 0.0796875
0 0.01328125 0.37734375 0.0265625 0.1203125
0 0.64765625 0.4765625 0.08125 0.0859375
0 0.59921875 0.40078125 0.0734375 0.1015625
0 0.55625 0.28359375 0.078125 0.1046875
0 0.571875 0.21171875 0.0765625 0.1109375
0 0.609375 0.290625 0.0671875 0.1015625
0 0.5 0.25234375 0.08125 0.1171875
0 0.46484375 0.4953125 0.09375 0.1234375
0 0.571875 0.83671875 0.084375 0.128125
0 0.62265625 0.80234375 0.0765625 0.1328125
0 0.6609375 0.88515625 0.0671875 0.121875
0 0.7296875 0.784375 0.084375 0.134375
0 0.8109375 0.75234375 0.078125 0.1296875
0 0.76953125 0.60234375 0.06875 0.1296875
0 0.7328125 0.46015625 0.0734375 0.1203125
0 0.8015625 0.4625 0.071875 0.1046875
0 0.834375 0.60078125 0.0671875 0.1296875
0 0.87734375 0.528125 0.05625 0.1125
0 0.79375 0.26640625 0.0609375 0.0984375
0 0.809375 0.15625 0.0828125 0.1125
0 0.83984375 0.20625 0.071875 0.096875
0 0.865625 0.2578125 0.0796875 0.115625
0 0.82109375 0.8890625 0.0828125 0.1015625
0 0.87421875 0.8421875 0.08125 0.096875
0 0.87578125 0.72109375 0.0625 0.1015625
0 0.93359375 0.6828125 0.065625 0.0984375
0 0.91171875 0.728125 0.053125 0.078125
0 0.83828125 0.3625 0.065625 0.1015625
0 0.6484375 0.61484375 0.0640625 0.0984375