0 0.2359375 0.78515625 0.1140625 0.059375
0 0.38125 0.8234375 0.109375 0.090625
0 0.36015625 0.95390625 0.1421875 0.08125
0 0.51328125 0.865625 0.10625 0.0703125
0 0.628125 0.7890625 0.146875 0.0796875
0 0.62109375 0.6234375 0.146875 0.0796875
0 0.6109375 0.50859375 0.1265625 0.0671875
0 0.60703125 0.453125 0.15625 0.0796875
0 0.459375 0.47578125 0.1203125 0.078125
0 0.27890625 0.471875 0.1328125 0.084375
0 0.209375 0.665625 0.125 0.078125
0 0.13125 0.7046875 0.1390625 0.078125
0 0.0234375 0.76953125 0.046875 0.0921875
0 0.7375 0.39765625 0.1203125 0.075
0 0.61328125 0.22109375 0.1328125 0.065625
0 0.33515625 0.403125 0.134375 0.071875
0 0.1921875 0.06484375 0.1125 0.090625
0 0.38828125 0.33046875 0.14375 0.0578125
0 0.42890625 0.2921875 0.1265625 0.059375
0 0.3296875 0.24375 0.1140625 0.0640625
0 0.209375 0.2390625 0.103125 0.0640625
0 0.434375 0.1671875 0.15 0.071875
0 0.55625 0.15625 0.084375 0.06875
0 0.09921875 0.015625 0.0890625 0.03125
0 0.59375 0.05390625 0.1203125 0.0640625
0 0.4984375 0.04609375 0.0890625 0.059375
0 0.7296875 0.07421875 0.1046875 0.05
0 0.91796875 0.0625 0.0984375 0.040625
0 0.77265625 0.71328125 0.053125 0.0390625