0 0.4375 0.32265625 0.1140625 0.065625
0 0.471875 0.45390625 0.1046875 0.0609375
0 0.3359375 0.4578125 0.10625 0.071875
0 0.29453125 0.375 0.0984375 0.0640625
0 0.05234375 0.3015625 0.0859375 0.0703125
0 0.0328125 0.2359375 0.065625 0.06875
0 0.6484375 0.10546875 0.084375 0.05
0 0.7296875 0.14375 0.1046875 0.0578125
0 0.74453125 0.30625 0.0796875 0.0625
0 0.78828125 0.61796875 0.103125 0.0671875
0 0.56875 0.76328125 0.1046875 0.0625
0 0.41875 0.75234375 0.1125 0.0609375
0 0.15390625 0.58203125 0.0984375 0.0640625
0 0.18671875 0.51875 0.0703125 0.05625
0 0.23203125 0.3921875 0.0734375 0.059375
0 0.12734375 0.46875 0.0875 0.0546875
0 0.78671875 0.42578125 0.0546875 0.0578125
0 0.790625 0.52265625 0.0703125 0.0546875
0 0.765625 0.91640625 0.1046875 0.05
0 0.1828125 0.9421875 0.071875 0.0515625
0 0.14140625 0.89296875 0.06875 0.053125