0 0.5125 0.21953125 0.0796875 0.109375
0 0.55234375 0.10078125 0.06171875 0.115625
0 0.615625 0.36875 0.07265625 0.1359375
0 0.546875 0.51484375 0.078125 0.13125
0 0.4171875 0.61796875 0.07109375 0.128125
0 0.48984375 0.67421875 0.075 0.1171875
0 0.6421875 0.6640625 0.071875 0.1375
0 0.71328125 0.52578125 0.07890625 0.115625
0 0.721875 0.4203125 0.084375 0.121875
0 0.81953125 0.3484375 0.0859375 0.1109375
0 0.83828125 0.22109375 0.0734375 0.128125
0 0.8078125 0.52421875 0.084375 0.140625
0 0.0734375 0.45546875 0.06171875 0.1203125
0 0.4484375 0.090625 0.0734375 0.16171875
0 0.1140625 0.30625 0.04375 0.134375
0 0.15625 0.3859375 0.0484375 0.1078125
0 0.128125 0.0671875 0.06171875 0.09140625
0 0.190625 0.075 0.0375 0.109375
0 0.20546875 0.16484375 0.046875 0.1078125
0 0.12265625 0.65546875 0.0421875 0.09375
0 0.1421875 0.75859375 0.04375 0.08515625