0 0.4421875 0.20859375 0.1078125 0.16875
0 0.8484375 0.64609375 0.0859375 0.125
0 0.65859375 0.34609375 0.109375 0.1546875
0 0.55390625 0.31875 0.1203125 0.1515625
0 0.3125 0.3546875 0.1015625 0.1375
0 0.40078125 0.48515625 0.0953125 0.1203125
0 0.4703125 0.52734375 0.090625 0.15
0 0.79921875 0.07109375 0.1109375 0.1421875
0 0.98515625 0.63515625 0.0296875 0.1578125
0 0.5296875 0.6765625 0.08125 0.1140625
0 0.6453125 0.76015625 0.084375 0.084375
0 0.57890625 0.54375 0.059375 0.1265625
0 0.5421875 0.54375 0.06875 0.1453125
0 0.2 0.365625 0.0765625 0.1296875