0 0.81953125 0.884375 0.1109375 0.059375
0 0.4390625 0.809375 0.125 0.06875
0 0.24140625 0.83203125 0.096875 0.0640625
0 0.40390625 0.71171875 0.11875 0.065625
0 0.37421875 0.62578125 0.11875 0.075
0 0.69765625 0.6046875 0.1109375 0.059375
0 0.6734375 0.47578125 0.10625 0.0625
0 0.8265625 0.58359375 0.10625 0.0609375
0 0.41484375 0.50546875 0.09375 0.04375
0 0.38125 0.34296875 0.09375 0.0609375
0 0.83203125 0.50625 0.090625 0.0546875
0 0.940625 0.17890625 0.084375 0.046875
0 0.92109375 0.5515625 0.075 0.0421875
0 0.971875 0.6296875 0.05625 0.04375
0 0.60859375 0.1234375 0.06875 0.05625
0 0.4765625 0.13359375 0.0875 0.0546875