0 0.5375 0.684375 0.1125 0.0625
0 0.521875 0.55 0.103125 0.0578125
0 0.65703125 0.56484375 0.1046875 0.0671875
0 0.6859375 0.65234375 0.096875 0.0609375
0 0.915625 0.75859375 0.084375 0.06875
0 0.9390625 0.82734375 0.0921875 0.065625
0 0.2984375 0.8703125 0.0828125 0.0484375
0 0.22265625 0.82109375 0.103125 0.0546875
0 0.23125 0.6578125 0.078125 0.059375
0 0.23125 0.34296875 0.1015625 0.0640625
0 0.46875 0.2296875 0.103125 0.059375
0 0.615625 0.2609375 0.1109375 0.0578125
0 0.85390625 0.4671875 0.096875 0.0609375
0 0.81328125 0.525 0.06875 0.053125
0 0.75078125 0.64375 0.071875 0.05625
0 0.86484375 0.5828125 0.0859375 0.0515625
0 0.20546875 0.53359375 0.053125 0.05625
0 0.215625 0.4375 0.06875 0.0515625
0 0.2953125 0.05 0.103125 0.0453125
0 0.87578125 0.10625 0.0703125 0.0484375
0 0.909375 0.1609375 0.06875 0.05