0 0.209375 0.56015625 0.16875 0.1109375
0 0.77109375 0.76328125 0.125 0.0875
0 0.4203125 0.70625 0.1546875 0.1125
0 0.35390625 0.6203125 0.153125 0.1234375
0 0.29296875 0.384375 0.1390625 0.1046875
0 0.44765625 0.41484375 0.121875 0.096875
0 0.51328125 0.46171875 0.1515625 0.09375
0 0.20859375 0.9453125 0.1703125 0.109375
0 0.8234375 0.915625 0.1578125 0.078125
0 0.67421875 0.45859375 0.115625 0.0828125
0 0.79609375 0.53203125 0.0859375 0.0859375
0 0.57109375 0.55625 0.1265625 0.0625
0 0.55625 0.521875 0.1453125 0.071875
0 0.259375 0.2765625 0.13125 0.078125