0 0.67109375 0.2328125 0.0640625 0.09375
0 0.53515625 0.17109375 0.0578125 0.0875
0 0.43671875 0.10859375 0.065625 0.0828125
0 0.265625 0.1 0.0609375 0.1
0 0.40703125 0.25390625 0.0578125 0.0875
0 0.346875 0.23984375 0.0578125 0.084375
0 0.50390625 0.48359375 0.065625 0.09375
0 0.58359375 0.38828125 0.0640625 0.09375
0 0.62578125 0.39296875 0.0609375 0.084375
0 0.6234375 0.3234375 0.065625 0.0796875
0 0.796875 0.1546875 0.065625 0.084375
0 0.79140625 0.490625 0.0484375 0.0828125
0 0.76640625 0.51953125 0.04375 0.084375
0 0.73125 0.55078125 0.0484375 0.0703125
0 0.6828125 0.4578125 0.0640625 0.096875
0 0.69296875 0.60546875 0.04375 0.1015625
0 0.67421875 0.69921875 0.0671875 0.1
0 0.77421875 0.73828125 0.0546875 0.0984375
0 0.796875 0.65859375 0.046875 0.09375
0 0.8453125 0.7 0.0671875 0.0890625
0 0.88359375 0.61953125 0.0671875 0.0828125
0 0.93671875 0.57734375 0.053125 0.0984375
0 0.90546875 0.53984375 0.0453125 0.0859375
0 0.8546875 0.390625 0.0546875 0.0828125
0 0.1546875 0.5859375 0.0515625 0.1
0 0.29375 0.65703125 0.065625 0.1078125
0 0.3265625 0.43203125 0.05625 0.0921875
0 0.4234375 0.365625 0.059375 0.09375
0 0.1640625 0.17578125 0.04375 0.090625
0 0.1421875 0.33046875 0.040625 0.096875
0 0.0921875 0.2109375 0.05 0.1
0 0.0765625 0.54921875 0.0421875 0.090625
0 0.11171875 0.55703125 0.0515625 0.1109375
0 0.1296875 0.51015625 0.04375 0.084375
0 0.2171875 0.76875 0.0546875 0.0921875
0 0.43125 0.77109375 0.0453125 0.0734375
0 0.590625 0.7859375 0.0625 0.078125
0 0.5390625 0.73359375 0.053125 0.0921875
0 0.52578125 0.6078125 0.05 0.1015625
0 0.49453125 0.625 0.053125 0.0921875
0 0.49296875 0.71953125 0.046875 0.096875
0 0.45 0.64375 0.0515625 0.0984375
0 0.38203125 0.621875 0.05 0.0890625
0 0.35625 0.75390625 0.0578125 0.10625
0 0.7359375 0.453125 0.05 0.0765625
0 0.62578125 0.134375 0.065625 0.09375
0 0.8296875 0.24375 0.0703125 0.0734375