0 0.74453125 0.1578125 0.05546875 0.09375
0 0.928125 0.4125 0.04140625 0.10625
0 0.67578125 0.5171875 0.04921875 0.1078125
0 0.6953125 0.6953125 0.06796875 0.1
0 0.590625 0.55703125 0.05546875 0.08671875
0 0.50546875 0.58515625 0.04765625 0.08671875
0 0.4984375 0.7671875 0.0640625 0.0984375
0 0.77890625 0.77109375 0.05390625 0.09140625
0 0.9703125 0.73828125 0.05703125 0.09140625
0 0.5015625 0.30625 0.06015625 0.09375
0 0.47734375 0.17578125 0.06015625 0.1015625
0 0.396875 0.171875 0.05625 0.08515625
0 0.44296875 0.08046875 0.0421875 0.07421875
0 0.51875 0.028125 0.0515625 0.05546875
0 0.26015625 0.5953125 0.04609375 0.07109375
0 0.40390625 0.57421875 0.0375 0.07421875
0 0.434375 0.49609375 0.0546875 0.08203125