0 0.81953125 0.22421875 0.03046875 0.06640625
0 0.828125 0.34375 0.03125 0.06015625
0 0.88984375 0.42421875 0.0359375 0.06484375
0 0.93359375 0.5265625 0.02890625 0.06171875
0 0.790625 0.44140625 0.0359375 0.05546875
0 0.74765625 0.41640625 0.02265625 0.06171875
0 0.73203125 0.42578125 0.0203125 0.05234375
0 0.71875 0.41328125 0.0171875 0.04921875
0 0.6921875 0.428125 0.0171875 0.05703125
0 0.696875 0.48515625 0.0203125 0.04453125
0 0.33359375 0.3125 0.028125 0.03515625
0 0.3390625 0.27734375 0.02578125 0.04140625
0 0.42265625 0.25390625 0.03359375 0.04765625
0 0.4171875 0.29921875 0.02578125 0.03984375
0 0.47890625 0.253125 0.03046875 0.04921875
0 0.52421875 0.21875 0.0328125 0.04765625
0 0.553125 0.28984375 0.02265625 0.03671875
0 0.4765625 0.5890625 0.02578125 0.05390625
0 0.51875 0.41640625 0.0203125 0.05859375
0 0.81328125 0.60546875 0.0265625 0.05703125
0 0.79609375 0.6203125 0.0234375 0.03671875
0 0.84296875 0.68515625 0.02578125 0.04609375
0 0.871875 0.6 0.0265625 0.04609375
0 0.64296875 0.49296875 0.0296875 0.04765625
0 0.7171875 0.24609375 0.02421875 0.06015625