0 0.54921875 0.675 0.0578125 0.090625
0 0.41875 0.69609375 0.0734375 0.0859375
0 0.42109375 0.82734375 0.05625 0.1
0 0.5 0.853125 0.0515625 0.0703125
0 0.44453125 0.934375 0.0515625 0.0734375
0 0.13359375 0.7953125 0.059375 0.1
0 0.2578125 0.42265625 0.0578125 0.1125
0 0.35546875 0.3953125 0.0671875 0.1078125
0 0.45 0.36875 0.0734375 0.1046875
0 0.55625 0.415625 0.0640625 0.0875
0 0.7140625 0.41640625 0.0578125 0.084375
0 0.759375 0.4734375 0.04375 0.0875
0 0.26484375 0.215625 0.0578125 0.084375
0 0.86875 0.7125 0.046875 0.0703125
0 0.83125 0.95390625 0.0546875 0.0859375