0 0.18515625 0.27265625 0.04765625 0.109375
0 0.16484375 0.421875 0.0796875 0.1
0 0.0328125 0.41640625 0.065625 0.1359375
0 0.1390625 0.5578125 0.0578125 0.1
0 0.22890625 0.6625 0.06171875 0.140625
0 0.3921875 0.63515625 0.06328125 0.140625
0 0.5046875 0.6109375 0.053125 0.1203125
0 0.559375 0.60078125 0.0625 0.15
0 0.51875 0.45703125 0.0640625 0.1140625
0 0.50078125 0.27734375 0.0703125 0.125
0 0.3 0.23203125 0.0640625 0.11875
0 0.2515625 0.15859375 0.0625 0.1328125
0 0.17109375 0.03984375 0.0828125 0.0796875
0 0.63046875 0.7234375 0.0609375 0.1140625
0 0.790625 0.578125 0.05 0.128125
0 0.57578125 0.325 0.05625 0.128125
0 0.89453125 0.14140625 0.07890625 0.103125
0 0.6546875 0.36875 0.03984375 0.1390625
0 0.69765625 0.40390625 0.0453125 0.121875
0 0.73359375 0.3 0.0515625 0.109375
0 0.7234375 0.1796875 0.05234375 0.096875
0 0.82265625 0.39453125 0.0546875 0.14375
0 0.8484375 0.5140625 0.059375 0.07734375
0 0.95703125 0.040625 0.0734375 0.08046875
0 0.95390625 0.5390625 0.04921875 0.115625
0 0.95 0.44296875 0.04921875 0.08359375
0 0.95078125 0.67578125 0.03828125 0.1015625
0 0.98515625 0.86171875 0.0296875 0.0953125
0 0.321875 0.796875 0.0328125 0.05078125