0 0.17734375 0.93359375 0.15 0.1203125
0 0.0890625 0.78671875 0.0984375 0.0921875
0 0.378125 0.68671875 0.1640625 0.1046875
0 0.35 0.8890625 0.190625 0.121875
0 0.0828125 0.61796875 0.140625 0.10625
0 0.428125 0.36875 0.15 0.0890625
0 0.28671875 0.33828125 0.153125 0.0859375
0 0.08359375 0.35546875 0.1671875 0.0984375
0 0.1421875 0.22421875 0.2015625 0.0953125
0 0.1921875 0.14765625 0.15625 0.1296875
0 0.3890625 0.1765625 0.1453125 0.1
0 0.5046875 0.18359375 0.15 0.1265625
0 0.54609375 0.25546875 0.1171875 0.078125
0 0.4578125 0.284375 0.1390625 0.0796875
0 0.621875 0.44921875 0.14375 0.075
0 0.571875 0.3828125 0.140625 0.1078125
0 0.63671875 0.2859375 0.13125 0.0984375
0 0.53828125 0.06640625 0.11875 0.1078125
0 0.6546875 0.05703125 0.1359375 0.08125
0 0.68203125 0.6875 0.165625 0.1328125