0 0.28046875 0.8546875 0.03359375 0.04609375
0 0.2171875 0.47578125 0.0265625 0.04765625
0 0.4375 0.76484375 0.04140625 0.05390625
0 0.72578125 0.92109375 0.04453125 0.05546875
0 0.63203125 0.9078125 0.03828125 0.05703125
0 0.53046875 0.828125 0.0359375 0.05078125
0 0.4703125 0.85234375 0.0375 0.06015625
0 0.61484375 0.76015625 0.03125 0.04453125
0 0.65859375 0.74921875 0.0390625 0.04765625
0 0.7609375 0.778125 0.03359375 0.04921875
0 0.80234375 0.77734375 0.0328125 0.04765625
0 0.834375 0.77421875 0.034375 0.06015625
0 0.8578125 0.7203125 0.03671875 0.06796875
0 0.82890625 0.73359375 0.04453125 0.05703125
0 0.51484375 0.69453125 0.03828125 0.04921875
0 0.45078125 0.61484375 0.03046875 0.06328125
0 0.475 0.65 0.03828125 0.06796875
0 0.4640625 0.73828125 0.0390625 0.06953125
0 0.528125 0.7625 0.03828125 0.05859375
0 0.49765625 0.778125 0.03671875 0.05234375
0 0.30546875 0.5765625 0.02890625 0.05390625
0 0.56484375 0.7453125 0.03125 0.05859375
0 0.58515625 0.70703125 0.021875 0.03671875
0 0.71015625 0.4625 0.03203125 0.03515625
0 0.63359375 0.503125 0.04375 0.05234375
0 0.6078125 0.46171875 0.025 0.04921875
0 0.77578125 0.43515625 0.0390625 0.04609375
0 0.83515625 0.4046875 0.03046875 0.06796875
0 0.80078125 0.5078125 0.03203125 0.04609375
0 0.48125 0.4609375 0.0328125 0.04765625
0 0.51328125 0.44765625 0.0375 0.04921875
0 0.55546875 0.46484375 0.03125 0.04921875
0 0.41484375 0.38828125 0.03984375 0.06328125
0 0.43671875 0.359375 0.0390625 0.05234375
0 0.496875 0.40234375 0.0328125 0.04453125
0 0.815625 0.30234375 0.03203125 0.04609375
0 0.784375 0.33671875 0.03203125 0.05234375
0 0.7546875 0.3046875 0.028125 0.06015625
0 0.7015625 0.3765625 0.034375 0.04609375
0 0.7328125 0.359375 0.03203125 0.05546875
0 0.55390625 0.39921875 0.03203125 0.06328125
0 0.6859375 0.53125 0.03203125 0.04765625
0 0.66328125 0.5375 0.034375 0.04140625
0 0.85390625 0.44765625 0.03203125 0.05859375
0 0.41015625 0.621875 0.0375 0.05546875
0 0.4796875 0.540625 0.0265625 0.04375
0 0.25390625 0.35625 0.028125 0.05078125
0 0.5546875 0.35625 0.0296875 0.04765625
0 0.57421875 0.365625 0.0328125 0.0578125
0 0.8609375 0.33515625 0.025 0.0703125
0 0.83984375 0.2453125 0.03671875 0.04609375
0 0.796875 0.2640625 0.03046875 0.04609375
0 0.77265625 0.27109375 0.02578125 0.05078125
0 0.6328125 0.43125 0.0234375 0.04765625
0 0.60390625 0.39296875 0.0328125 0.0546875
0 0.55703125 0.7046875 0.0375 0.06015625
0 0.54453125 0.65703125 0.0234375 0.04140625
0 0.49921875 0.6546875 0.034375 0.05234375
0 0.65 0.94609375 0.0453125 0.059375
0 0.553125 0.878125 0.0328125 0.0484375
0 0.36328125 0.39296875 0.04140625 0.05
0 0.67421875 0.32421875 0.028125 0.0484375
0 0.68046875 0.40078125 0.021875 0.040625
0 0.659375 0.3984375 0.0265625 0.04765625
0 0.52578125 0.40078125 0.02890625 0.0484375
0 0.5765625 0.31015625 0.04140625 0.04609375
0 0.64453125 0.328125 0.02890625 0.0546875
0 0.7640625 0.14140625 0.0328125 0.0484375
0 0.83515625 0.12421875 0.0265625 0.04140625
0 0.88359375 0.12578125 0.02421875 0.05
0 0.8328125 0.084375 0.03125 0.0484375
0 0.8 0.10078125 0.0328125 0.0484375
0 0.73203125 0.153125 0.01953125 0.04296875
0 0.7484375 0.1171875 0.021875 0.034375
0 0.696875 0.09609375 0.03125 0.03671875
0 0.7234375 0.06796875 0.02265625 0.04296875
0 0.78359375 0.05859375 0.02734375 0.03828125
0 0.7515625 0.059375 0.02578125 0.040625
0 0.70703125 0.03046875 0.0328125 0.04609375
0 0.7125 0.1625 0.021875 0.0453125
0 0.67421875 0.1640625 0.03203125 0.04765625
0 0.66171875 0.1109375 0.03203125 0.04140625
0 0.64140625 0.11015625 0.0234375 0.03359375
0 0.6640625 0.06640625 0.03125 0.03828125
0 0.615625 0.13515625 0.02734375 0.04609375
0 0.59453125 0.1546875 0.03203125 0.0546875
0 0.6015625 0.18671875 0.0265625 0.05703125
0 0.640625 0.16171875 0.03203125 0.04296875
0 0.703125 0.41640625 0.0328125 0.04296875
0 0.57578125 0.1859375 0.0296875 0.04765625
0 0.64453125 0.04765625 0.0296875 0.034375
0 0.5375 0.215625 0.03125 0.0453125
0 0.54375 0.175 0.0265625 0.04765625
0 0.61328125 0.0640625 0.0265625 0.04296875
0 0.5984375 0.07890625 0.0265625 0.04765625
0 0.5609375 0.10078125 0.02890625 0.04140625
0 0.575 0.12578125 0.02421875 0.04609375
0 0.5265625 0.1515625 0.02578125 0.04375
0 0.4859375 0.19375 0.0265625 0.0453125
0 0.503125 0.1515625 0.02421875 0.04609375
0 0.47265625 0.153125 0.025 0.05703125
0 0.4625 0.1921875 0.02734375 0.0390625
0 0.44765625 0.2078125 0.0265625 0.04296875
0 0.446875 0.15390625 0.02734375 0.053125
0 0.5125 0.121875 0.025 0.03203125
0 0.46015625 0.09765625 0.028125 0.0453125
0 0.4296875 0.06328125 0.03203125 0.04765625
0 0.4015625 0.14375 0.03125 0.0484375
0 0.37109375 0.15859375 0.028125 0.0484375
0 0.37890625 0.20390625 0.02890625 0.0484375
0 0.26640625 0.13359375 0.028125 0.04765625
0 0.2734375 0.25859375 0.03046875 0.04765625
0 0.32734375 0.246875 0.025 0.05078125
0 0.203125 0.1296875 0.025 0.04609375
0 0.3609375 0.04453125 0.0296875 0.03828125