0 0.1046875 0.365625 0.053125 0.04375
0 0.46015625 0.21875 0.0515625 0.0359375
0 0.228125 0.4984375 0.0609375 0.0515625
0 0.140625 0.81484375 0.0640625 0.0546875
0 0.13203125 0.7203125 0.0625 0.0484375
0 0.1875 0.603125 0.05625 0.046875
0 0.15 0.55 0.065625 0.05
0 0.27265625 0.6703125 0.05 0.040625
0 0.29296875 0.7109375 0.0546875 0.0484375
0 0.2875 0.8171875 0.05625 0.0453125
0 0.29765625 0.85703125 0.053125 0.0421875
0 0.3078125 0.8875 0.065625 0.046875
0 0.365625 0.8984375 0.075 0.0515625
0 0.34609375 0.87265625 0.0640625 0.0546875
0 0.3140625 0.55859375 0.0578125 0.0484375
0 0.37734375 0.478125 0.0671875 0.04375
0 0.3484375 0.509375 0.075 0.0515625
0 0.259375 0.51875 0.075 0.053125
0 0.25078125 0.58671875 0.065625 0.05
0 0.228125 0.56015625 0.0609375 0.0484375
0 0.38125 0.32734375 0.0578125 0.0390625
0 0.27578125 0.61875 0.065625 0.04375
0 0.3171875 0.6296875 0.0421875 0.0296875
0 0.58359375 0.69609375 0.040625 0.0375
0 0.52734375 0.63125 0.0609375 0.0546875
0 0.56171875 0.59609375 0.0546875 0.0359375
0 0.625 0.75390625 0.0546875 0.0484375
0 0.66796875 0.80546875 0.0734375 0.0453125
0 0.56015625 0.79453125 0.053125 0.040625
0 0.53359375 0.47265625 0.053125 0.0421875
0 0.55390625 0.50078125 0.0578125 0.0484375
0 0.546875 0.54609375 0.05625 0.0421875
0 0.58984375 0.3921875 0.0703125 0.053125
0 0.62265625 0.40703125 0.0609375 0.05
0 0.59453125 0.475 0.05 0.0421875
0 0.76328125 0.76328125 0.053125 0.040625
0 0.7234375 0.740625 0.059375 0.0421875
0 0.74765625 0.70390625 0.0640625 0.040625
0 0.665625 0.66875 0.053125 0.04375
0 0.6890625 0.6953125 0.0625 0.04375
0 0.61015625 0.5296875 0.0671875 0.04375
0 0.51171875 0.68828125 0.053125 0.040625
0 0.5 0.6671875 0.046875 0.0421875
0 0.63046875 0.8328125 0.065625 0.04375
0 0.3609375 0.43984375 0.0625 0.0484375
0 0.45546875 0.4890625 0.0484375 0.0359375
0 0.584375 0.228125 0.0546875 0.0390625
0 0.65234375 0.52109375 0.053125 0.0390625
0 0.64765625 0.5421875 0.0640625 0.0453125
0 0.7421875 0.81484375 0.0734375 0.040625
0 0.82421875 0.77421875 0.0546875 0.046875
0 0.796875 0.7359375 0.053125 0.0390625
0 0.784375 0.7140625 0.0546875 0.0359375
0 0.596875 0.6140625 0.0515625 0.0328125
0 0.62734375 0.57734375 0.0609375 0.04375
0 0.31328125 0.6015625 0.065625 0.05
0 0.35703125 0.57890625 0.0453125 0.03125
0 0.34921875 0.534375 0.059375 0.0453125
0 0.09921875 0.746875 0.06875 0.0578125
0 0.14375 0.63671875 0.0546875 0.0421875
0 0.5734375 0.34296875 0.0578125 0.0515625
0 0.71015625 0.63046875 0.053125 0.0390625
0 0.6375 0.65390625 0.04375 0.0296875
0 0.63515625 0.6328125 0.0515625 0.0359375
0 0.60234375 0.503125 0.053125 0.0390625
0 0.70234375 0.53203125 0.0546875 0.05
0 0.7 0.60234375 0.059375 0.0390625
0 0.90859375 0.6765625 0.0546875 0.0421875
0 0.94140625 0.7421875 0.0453125 0.034375
0 0.95078125 0.78984375 0.0546875 0.0359375
0 0.97578125 0.7296875 0.0484375 0.040625
0 0.95625 0.70234375 0.0546875 0.0421875
0 0.88984375 0.6484375 0.046875 0.0296875
0 0.92890625 0.65625 0.0390625 0.0296875
0 0.9375 0.60078125 0.04375 0.0390625
0 0.97109375 0.6203125 0.046875 0.03125
0 0.9859375 0.67734375 0.028125 0.0359375
0 0.98125 0.64609375 0.0375 0.0328125
0 0.98828125 0.59609375 0.0234375 0.0421875
0 0.8765625 0.63125 0.0484375 0.03125
0 0.86640625 0.59453125 0.053125 0.040625
0 0.915625 0.5703125 0.046875 0.0390625
0 0.91171875 0.55 0.0390625 0.03125
0 0.959375 0.5625 0.04375 0.0390625
0 0.88125 0.53046875 0.0515625 0.0375
0 0.8578125 0.5140625 0.0609375 0.0421875
0 0.828125 0.528125 0.0609375 0.0390625
0 0.8609375 0.5609375 0.05 0.040625
0 0.62734375 0.67890625 0.05 0.0421875
0 0.8234375 0.503125 0.053125 0.0390625
0 0.9734375 0.5390625 0.040625 0.0359375
0 0.78515625 0.47265625 0.0515625 0.040625
0 0.8265625 0.46953125 0.0515625 0.0359375
0 0.95 0.5125 0.0484375 0.0359375
0 0.9328125 0.5015625 0.0515625 0.0359375
0 0.90234375 0.46953125 0.0453125 0.0359375
0 0.88125 0.4890625 0.0515625 0.034375
0 0.8453125 0.44765625 0.0484375 0.034375
0 0.7953125 0.4171875 0.05 0.0359375
0 0.83984375 0.425 0.0515625 0.034375
0 0.83203125 0.3953125 0.0609375 0.0375
0 0.79140625 0.39453125 0.04375 0.0359375
0 0.77265625 0.38359375 0.0484375 0.0359375
0 0.825 0.3703125 0.0578125 0.0390625
0 0.87109375 0.42734375 0.0359375 0.03125
0 0.8828125 0.3703125 0.05 0.0375
0 0.909375 0.33359375 0.053125 0.040625
0 0.825 0.32421875 0.0546875 0.040625
0 0.80390625 0.29765625 0.053125 0.0390625
0 0.7609375 0.315625 0.053125 0.0390625
0 0.8046875 0.18984375 0.0515625 0.0375
0 0.684375 0.225 0.053125 0.040625
0 0.7078125 0.275 0.0546875 0.0359375
0 0.79375 0.12734375 0.0515625 0.034375
0 0.9125 0.26171875 0.04375 0.0375