0 0.16171875 0.74375 0.0484375 0.0375
0 0.54375 0.78046875 0.0484375 0.0296875
0 0.23984375 0.58046875 0.05625 0.04375
0 0.0640625 0.30390625 0.059375 0.046875
0 0.08359375 0.396875 0.059375 0.040625
0 0.1703125 0.4921875 0.053125 0.0390625
0 0.15078125 0.55390625 0.0625 0.0421875
0 0.2328125 0.40390625 0.0453125 0.034375
0 0.240625 0.359375 0.05 0.0421875
0 0.2046875 0.259375 0.0515625 0.0375
0 0.20234375 0.21796875 0.0484375 0.0359375
0 0.203125 0.1859375 0.0609375 0.0390625
0 0.25546875 0.15859375 0.071875 0.0421875
0 0.24375 0.18828125 0.059375 0.046875
0 0.3046875 0.4984375 0.053125 0.040625
0 0.3890625 0.55703125 0.0640625 0.0359375
0 0.35234375 0.53515625 0.071875 0.0421875
0 0.26484375 0.55234375 0.071875 0.04375
0 0.2359375 0.490625 0.0625 0.0421875
0 0.22265625 0.521875 0.05625 0.040625
0 0.4375 0.69921875 0.0546875 0.03125
0 0.25078125 0.45234375 0.0609375 0.0359375
0 0.2875 0.4296875 0.0390625 0.025
0 0.52265625 0.2875 0.0359375 0.0328125
0 0.4875 0.3671875 0.05625 0.046875
0 0.53046875 0.38984375 0.0515625 0.028125
0 0.5453125 0.2203125 0.05 0.0421875
0 0.571875 0.159375 0.0703125 0.0359375
0 0.47109375 0.20078125 0.0484375 0.034375
0 0.540625 0.515625 0.0484375 0.0359375
0 0.5515625 0.4828125 0.053125 0.040625
0 0.53125 0.4421875 0.0515625 0.034375
0 0.6171875 0.57734375 0.065625 0.0453125
0 0.64453125 0.553125 0.05625 0.0421875
0 0.59765625 0.49609375 0.0453125 0.0359375
0 0.675 0.17109375 0.0484375 0.034375
0 0.64296875 0.2046875 0.0546875 0.034375
0 0.67734375 0.23203125 0.0609375 0.0328125
0 0.609375 0.290625 0.0484375 0.0375
0 0.62421875 0.2578125 0.0578125 0.034375
0 0.596875 0.4390625 0.0640625 0.0359375
0 0.45546875 0.31640625 0.0484375 0.034375
0 0.4515625 0.33984375 0.0421875 0.0375
0 0.52734375 0.14296875 0.0609375 0.0359375
0 0.384375 0.5984375 0.059375 0.040625
0 0.4609375 0.5234375 0.0453125 0.0296875
0 0.6609375 0.73515625 0.0515625 0.03125
0 0.63984375 0.43515625 0.0484375 0.0328125
0 0.62890625 0.41640625 0.059375 0.0375
0 0.6390625 0.128125 0.071875 0.0296875
0 0.73046875 0.14296875 0.05 0.040625
0 0.71484375 0.1875 0.0484375 0.034375
0 0.709375 0.21171875 0.0515625 0.028125
0 0.559375 0.3625 0.0484375 0.0265625
0 0.59921875 0.3890625 0.05625 0.0359375
0 0.2921875 0.45703125 0.0625 0.0421875
0 0.340625 0.46640625 0.0421875 0.0265625
0 0.34609375 0.51171875 0.0546875 0.0375
0 0.04453125 0.38125 0.0625 0.05
0 0.11875 0.4734375 0.05 0.0359375
0 0.61640625 0.62890625 0.053125 0.04375
0 0.66328125 0.3140625 0.05 0.03125
0 0.58671875 0.31328125 0.0421875 0.025
0 0.58984375 0.33359375 0.0484375 0.0296875
0 0.596875 0.4671875 0.05 0.03125
0 0.684375 0.41015625 0.05 0.04375
0 0.66171875 0.34375 0.05625 0.03125
0 0.8390625 0.21171875 0.05 0.0359375
0 0.8515625 0.1390625 0.0421875 0.0296875
0 0.846875 0.09140625 0.0515625 0.028125
0 0.89140625 0.1390625 0.05 0.034375
0 0.87734375 0.17265625 0.05 0.0359375
0 0.8296875 0.24453125 0.0453125 0.021875
0 0.86484375 0.22578125 0.0359375 0.025
0 0.8890625 0.27578125 0.0390625 0.034375
0 0.915625 0.246875 0.0453125 0.025
0 0.9203125 0.1859375 0.0390625 0.03125
0 0.921875 0.21796875 0.0421875 0.028125
0 0.95390625 0.2609375 0.0484375 0.0359375
0 0.821875 0.26484375 0.046875 0.025
0 0.82265625 0.303125 0.0484375 0.034375
0 0.8765625 0.31171875 0.0421875 0.034375
0 0.87890625 0.33203125 0.0359375 0.025
0 0.92109375 0.30625 0.0390625 0.034375
0 0.85625 0.359375 0.0484375 0.03125
0 0.8375 0.38125 0.05625 0.034375
0 0.80546875 0.3765625 0.0578125 0.0296875
0 0.82734375 0.3359375 0.0453125 0.034375
0 0.56953125 0.29140625 0.0453125 0.0359375
0 0.8078125 0.40234375 0.0484375 0.0328125
0 0.94140625 0.32421875 0.0359375 0.03125
0 0.78125 0.44296875 0.046875 0.034375
0 0.82109375 0.43359375 0.0484375 0.0296875
0 0.92734375 0.35625 0.0453125 0.0296875
0 0.91328125 0.37265625 0.0484375 0.0296875
0 0.89375 0.41171875 0.0421875 0.03125
0 0.86796875 0.39921875 0.0484375 0.028125
0 0.84609375 0.44921875 0.0453125 0.028125
0 0.80625 0.49296875 0.046875 0.0296875
0 0.84765625 0.47265625 0.0484375 0.028125
0 0.84765625 0.503125 0.0578125 0.028125
0 0.809375 0.515625 0.040625 0.03125
0 0.7953125 0.53203125 0.0453125 0.0296875
0 0.84921875 0.52890625 0.0546875 0.03125
0 0.8765625 0.4609375 0.0328125 0.0265625
0 0.90390625 0.51171875 0.046875 0.03125
0 0.940625 0.53984375 0.0484375 0.034375
0 0.8625 0.5734375 0.05 0.034375
0 0.84921875 0.6046875 0.05 0.03125
0 0.80390625 0.6 0.05 0.03125
0 0.88203125 0.7078125 0.0484375 0.03125
0 0.75625 0.709375 0.0484375 0.034375
0 0.76484375 0.6546875 0.0515625 0.028125
0 0.88984375 0.7703125 0.0484375 0.028125
0 0.9640625 0.60703125 0.0390625 0.0328125