0 0.25078125 0.1203125 0.1375 0.103125
0 0.2 0.2234375 0.171875 0.109375
0 0.146875 0.33359375 0.184375 0.1140625
0 0.38671875 0.85703125 0.1953125 0.128125
0 0.2125 0.88984375 0.1671875 0.13125
0 0.1375 0.56640625 0.1671875 0.1015625
0 0.11015625 0.7453125 0.1546875 0.1171875
0 0.42109375 0.64765625 0.1453125 0.096875
0 0.46484375 0.14140625 0.153125 0.1046875
0 0.5703125 0.15546875 0.1828125 0.1015625
0 0.6234375 0.3578125 0.1234375 0.1140625
0 0.52578125 0.2546875 0.115625 0.08125
0 0.62265625 0.2328125 0.1140625 0.1015625
0 0.49140625 0.34140625 0.1625 0.096875
0 0.33984375 0.3015625 0.1765625 0.0984375
0 0.6015625 0.05234375 0.15625 0.1046875
0 0.69140625 0.44609375 0.140625 0.0953125
0 0.7296875 0.6671875 0.1484375 0.1265625