0 0.61953125 0.93828125 0.14375 0.115625
0 0.7 0.85546875 0.178125 0.1234375
0 0.784375 0.7671875 0.190625 0.13125
0 0.71796875 0.19609375 0.203125 0.1453125
0 0.89375 0.21796875 0.1765625 0.1453125
0 0.86484375 0.54921875 0.1734375 0.1171875
0 0.93203125 0.3875 0.1359375 0.13125
0 0.6203125 0.384375 0.1515625 0.109375
0 0.42265625 0.8515625 0.159375 0.11875
0 0.3265625 0.80546875 0.1890625 0.11875
0 0.3390625 0.59765625 0.1328125 0.125
0 0.39921875 0.72578125 0.121875 0.0921875
0 0.30078125 0.71640625 0.121875 0.1109375
0 0.459375 0.653125 0.16875 0.1109375
0 0.590625 0.73828125 0.18125 0.1140625
0 0.2625 0.8984375 0.1640625 0.128125
0 0.3015625 0.4921875 0.146875 0.1078125
0 0.33359375 0.26953125 0.1578125 0.1390625