0 0.79140625 0.9453125 0.1546875 0.109375
0 0.88984375 0.81484375 0.103125 0.096875
0 0.60859375 0.6953125 0.1671875 0.1140625
0 0.62265625 0.8984375 0.1953125 0.1328125
0 0.9078125 0.646875 0.14375 0.1140625
0 0.58125 0.37421875 0.1515625 0.096875
0 0.7234375 0.35390625 0.15625 0.0953125
0 0.9203125 0.3859375 0.159375 0.109375
0 0.87578125 0.25 0.203125 0.1078125
0 0.83203125 0.1703125 0.1609375 0.1375
0 0.63359375 0.18515625 0.1484375 0.1078125
0 0.51796875 0.184375 0.1546875 0.134375
0 0.47109375 0.253125 0.1203125 0.0859375
0 0.55703125 0.2875 0.140625 0.0875
0 0.38203125 0.440625 0.146875 0.084375
0 0.43671875 0.378125 0.1453125 0.115625
0 0.378125 0.27734375 0.1359375 0.10625
0 0.4921875 0.0640625 0.125 0.1140625
0 0.3765625 0.04765625 0.1390625 0.0890625
0 0.3046875 0.675 0.171875 0.1421875