0 0.121875 0.11328125 0.09921875 0.1359375
0 0.28125 0.04921875 0.0796875 0.0875
0 0.334375 0.35 0.08203125 0.15234375
0 0.1390625 0.290625 0.0953125 0.17734375
0 0.4484375 0.06953125 0.08828125 0.128125
0 0.640625 0.44921875 0.0671875 0.14140625
0 0.69296875 0.31484375 0.0640625 0.1453125
0 0.70703125 0.11015625 0.07421875 0.15859375
0 0.828125 0.18984375 0.065625 0.19453125
0 0.89609375 0.25078125 0.11015625 0.14140625
0 0.83671875 0.440625 0.0796875 0.13515625
0 0.81171875 0.55390625 0.10625 0.13515625
0 0.734375 0.58359375 0.0625 0.10859375
0 0.71953125 0.4921875 0.06015625 0.13203125
0 0.53125 0.628125 0.0546875 0.1375
0 0.6046875 0.5890625 0.0890625 0.128125
0 0.68984375 0.66875 0.08046875 0.1203125
0 0.92265625 0.60546875 0.0921875 0.10703125
0 0.91328125 0.721875 0.06328125 0.128125
0 0.2859375 0.65078125 0.1109375 0.15078125