0 0.90390625 0.2921875 0.090625 0.128125
0 0.80625 0.23046875 0.0921875 0.16171875
0 0.70234375 0.16640625 0.09609375 0.17578125
0 0.15703125 0.35 0.10859375 0.18515625
0 0.1421875 0.1734375 0.11484375 0.15625
0 0.471875 0.1328125 0.0859375 0.16015625
0 0.296875 0.08671875 0.10234375 0.1453125
0 0.36171875 0.40625 0.0828125 0.1375
0 0.86015625 0.50234375 0.090625 0.14375
0 0.83515625 0.60625 0.084375 0.17578125
0 0.62890625 0.6375 0.103125 0.1140625
0 0.74140625 0.5515625 0.0703125 0.109375
0 0.753125 0.65 0.090625 0.1046875
0 0.65859375 0.5078125 0.08046875 0.1546875
0 0.7140625 0.36171875 0.08046875 0.16796875
0 0.9390625 0.64921875 0.09921875 0.146875
0 0.53359375 0.69609375 0.08046875 0.1328125
0 0.309375 0.7109375 0.11171875 0.1375