0 0.865625 0.12734375 0.05 0.0671875
0 0.67265625 0.55859375 0.0515625 0.0578125
0 0.73828125 0.6203125 0.040625 0.046875
0 0.79296875 0.65703125 0.040625 0.046875
0 0.8484375 0.70703125 0.05 0.06875
0 0.43203125 0.60234375 0.0390625 0.0515625
0 0.509375 0.5546875 0.05 0.071875
0 0.61953125 0.4984375 0.0390625 0.0515625
0 0.65078125 0.17421875 0.04375 0.05625
0 0.946875 0.2875 0.0515625 0.078125
0 0.7734375 0.11796875 0.0484375 0.071875
0 0.59609375 0.140625 0.0515625 0.0609375
0 0.60390625 0.3015625 0.0484375 0.06875
0 0.5265625 0.36796875 0.05 0.06875
0 0.834375 0.6 0.0453125 0.065625
0 0.73515625 0.53671875 0.0421875 0.053125
0 0.77890625 0.765625 0.0484375 0.065625
0 0.73828125 0.72421875 0.04375 0.0703125
0 0.59453125 0.63671875 0.04375 0.05
0 0.59296875 0.56484375 0.05 0.071875
0 0.58671875 0.5109375 0.0375 0.0609375
0 0.48203125 0.34921875 0.0546875 0.0734375
0 0.54453125 0.61875 0.0484375 0.065625
0 0.6796875 0.73125 0.0484375 0.065625
0 0.65390625 0.6296875 0.0390625 0.04375
0 0.67578125 0.66328125 0.0328125 0.05
0 0.69375 0.66796875 0.0375 0.0578125
0 0.7203125 0.6546875 0.0390625 0.0546875
0 0.80390625 0.8078125 0.0390625 0.0515625
0 0.26796875 0.59296875 0.0375 0.05
0 0.27890625 0.51796875 0.0484375 0.065625
0 0.35078125 0.7828125 0.0375 0.0515625
0 0.321875 0.765625 0.04375 0.059375
0 0.36015625 0.84453125 0.034375 0.0421875
0 0.3859375 0.88125 0.034375 0.0453125
0 0.6734375 0.31171875 0.046875 0.065625
0 0.66328125 0.26875 0.05 0.071875
0 0.63046875 0.23828125 0.046875 0.0625
0 0.56484375 0.24375 0.053125 0.075
0 0.4109375 0.07421875 0.0484375 0.0546875
0 0.90703125 0.2859375 0.05 0.0609375
0 0.86640625 0.27578125 0.0453125 0.059375
0 0.75234375 0.290625 0.046875 0.0625
0 0.74765625 0.92421875 0.0453125 0.059375
0 0.75078125 0.82421875 0.04375 0.0625
0 0.77109375 0.84296875 0.040625 0.0578125
0 0.6375 0.590625 0.0421875 0.05625
0 0.53984375 0.5765625 0.0421875 0.05625
0 0.49609375 0.6296875 0.0453125 0.065625
0 0.4515625 0.63984375 0.0484375 0.0578125
0 0.0171875 0.8171875 0.034375 0.065625
0 0.55078125 0.334375 0.0375 0.06875
0 0.55078125 0.89375 0.0453125 0.053125
0 0.50859375 0.85546875 0.0390625 0.0546875
0 0.459375 0.86015625 0.04375 0.0625
0 0.45625 0.78046875 0.05 0.0640625
0 0.571875 0.72421875 0.046875 0.0515625
0 0.559375 0.6796875 0.04375 0.05625
0 0.62421875 0.6921875 0.0453125 0.053125
0 0.7140625 0.52421875 0.0375 0.0515625
0 0.54375 0.21171875 0.040625 0.05